OMBRO_GIRO_L=280.1953125
OMBRO_ELEVA_L=205.224609375
COTOVELO_L=311.748046875

OMBRO_GIRO_R=140.625
OMBRO_ELEVA_R=113.5546875
COTOVELO_R=223.41796875