OMBRO_GIRO_L=277.822265625
OMBRO_ELEVA_L=139.306640625
COTOVELO_L=221.66015625
OMBRO_GIRO_R=137.373046875
OMBRO_ELEVA_R=219.90234375
COTOVELO_R=140.537109375